symbol,timestamp,open,high,low,close,volume,trade_count,vwap
MTZ,2023-01-09 05:00:00+00:00,92.04,96.22,91.48,94.0,1078918.0,17326.0,94.473037
MTZ,2023-01-10 05:00:00+00:00,93.5,96.0,93.5,95.91,856380.0,15341.0,95.329964
MTZ,2023-01-11 05:00:00+00:00,96.58,96.69,95.57,95.98,528942.0,10786.0,95.988716
MTZ,2023-01-12 05:00:00+00:00,96.85,97.03,95.01,96.56,480464.0,10522.0,96.235626
MTZ,2023-01-13 05:00:00+00:00,96.67,98.28,95.87,98.04,432580.0,8795.0,97.402208
MTZ,2023-01-17 05:00:00+00:00,97.61,97.96,94.75,95.09,604497.0,12383.0,95.987839
MTZ,2023-01-18 05:00:00+00:00,95.36,96.43,93.37,93.68,463002.0,10100.0,94.349096
MTZ,2023-01-19 05:00:00+00:00,92.69,93.5,91.35,92.62,512766.0,10493.0,92.409077
MTZ,2023-01-20 05:00:00+00:00,93.15,95.3,92.25,95.21,449997.0,9411.0,94.412925
MTZ,2023-01-23 05:00:00+00:00,96.17,97.15,94.46,97.08,434989.0,8938.0,96.503884
MTZ,2023-01-24 05:00:00+00:00,97.34,98.005,95.81,96.86,359836.0,8972.0,97.194594
MTZ,2023-01-25 05:00:00+00:00,95.93,96.51,95.06,96.06,387529.0,8283.0,95.944182
MTZ,2023-01-26 05:00:00+00:00,97.41,97.5,95.795,96.56,365420.0,8004.0,96.517302
MTZ,2023-01-27 05:00:00+00:00,96.27,97.205,95.78,96.63,422499.0,9653.0,96.732067
MTZ,2023-01-30 05:00:00+00:00,95.5,97.2454,95.16,96.4,291510.0,7421.0,96.429411
MTZ,2023-01-31 05:00:00+00:00,96.5,98.24,96.5,98.23,428093.0,7792.0,97.751294
MTZ,2023-02-01 05:00:00+00:00,97.63,98.8,96.1072,97.72,287088.0,7470.0,97.562217
MTZ,2023-02-02 05:00:00+00:00,98.72,100.44,97.16,98.43,746315.0,16395.0,98.709081
MTZ,2023-02-03 05:00:00+00:00,98.0,100.145,97.725,98.66,616625.0,11920.0,98.705322
MTZ,2023-02-06 05:00:00+00:00,97.4,98.59,96.99,97.49,350189.0,8488.0,97.625632
MTZ,2023-02-07 05:00:00+00:00,96.95,98.84,96.04,98.59,387744.0,9247.0,97.680324
MTZ,2023-02-08 05:00:00+00:00,98.2,98.2,95.47,96.35,404985.0,10527.0,96.341413
MTZ,2023-02-09 05:00:00+00:00,97.07,97.82,94.69,94.87,446719.0,9777.0,95.370124
MTZ,2023-02-10 05:00:00+00:00,94.66,95.59,93.49,94.64,342259.0,7869.0,94.748006
MTZ,2023-02-13 05:00:00+00:00,94.89,96.6,94.2,96.55,445204.0,9283.0,96.035385
MTZ,2023-02-14 05:00:00+00:00,96.16,98.44,96.125,97.95,425675.0,9158.0,97.623884
MTZ,2023-02-15 05:00:00+00:00,96.4,99.8,96.09,99.72,416021.0,10360.0,98.897112
MTZ,2023-02-16 05:00:00+00:00,98.39,100.045,98.39,98.89,428769.0,9938.0,99.241888
MTZ,2023-02-17 05:00:00+00:00,98.06,98.47,96.41,96.43,875520.0,13059.0,96.977445
MTZ,2023-02-21 05:00:00+00:00,95.24,95.88,92.43,92.95,668066.0,11928.0,93.389235
MTZ,2023-02-22 05:00:00+00:00,93.14,94.025,92.44,93.24,710214.0,13408.0,93.148356
MTZ,2023-02-23 05:00:00+00:00,94.99,97.79,94.16,96.92,1445113.0,23258.0,96.534214
MTZ,2023-02-24 05:00:00+00:00,92.11,98.455,89.0,97.18,1986029.0,33816.0,95.701738
MTZ,2023-02-27 05:00:00+00:00,96.43,97.92,94.985,96.67,865354.0,18008.0,96.569559
MTZ,2023-02-28 05:00:00+00:00,97.57,99.19,97.0,97.72,702359.0,13818.0,98.237788
MTZ,2023-03-01 05:00:00+00:00,99.0,102.58,98.085,101.11,928021.0,17415.0,101.050344
MTZ,2023-03-02 05:00:00+00:00,100.84,102.61,99.83,102.38,690489.0,12843.0,101.83707
MTZ,2023-03-03 05:00:00+00:00,102.61,103.27,101.235,102.19,494784.0,12118.0,102.363278
MTZ,2023-03-06 05:00:00+00:00,102.79,103.5,101.0,101.58,636623.0,12286.0,101.920659
MTZ,2023-03-07 05:00:00+00:00,101.73,102.62,98.47,99.23,609826.0,13631.0,99.421274
MTZ,2023-03-08 05:00:00+00:00,99.36,100.29,98.01,98.98,581648.0,12613.0,98.98392
MTZ,2023-03-09 05:00:00+00:00,99.41,100.4199,98.03,98.08,445851.0,10496.0,98.829913
MTZ,2023-03-10 05:00:00+00:00,97.86,97.86,94.73,96.02,771145.0,15606.0,95.962431
MTZ,2023-03-13 04:00:00+00:00,94.285,95.3,91.49,92.62,958127.0,18562.0,93.070618
MTZ,2023-03-14 04:00:00+00:00,96.01,96.02,92.31,93.3,476489.0,11611.0,93.836284
MTZ,2023-03-15 04:00:00+00:00,90.99,91.28,85.58,87.36,1010001.0,17447.0,87.332031
MTZ,2023-03-16 04:00:00+00:00,85.61,91.42,85.605,89.07,1002383.0,18690.0,89.180584
MTZ,2023-03-17 04:00:00+00:00,88.04,88.14,85.62,87.09,975724.0,15463.0,87.314774
MTZ,2023-03-20 04:00:00+00:00,87.97,89.57,87.03,88.33,385263.0,7282.0,88.384284
MTZ,2023-03-21 04:00:00+00:00,90.0,91.27,89.25,89.89,452613.0,8747.0,90.054557
MTZ,2023-03-22 04:00:00+00:00,89.41,90.03,87.2,87.24,390211.0,9027.0,88.261076
MTZ,2023-03-23 04:00:00+00:00,87.45,90.0779,87.06,87.92,1169553.0,16017.0,88.191433
MTZ,2023-03-24 04:00:00+00:00,86.28,91.62,85.73,91.48,1111345.0,20922.0,90.139178
MTZ,2023-03-27 04:00:00+00:00,92.97,95.06,91.8875,94.0,717630.0,15655.0,93.964529
MTZ,2023-03-28 04:00:00+00:00,93.72,94.99,93.01,94.7,374051.0,8117.0,94.39697
MTZ,2023-03-29 04:00:00+00:00,95.75,96.0,93.48,93.9,450201.0,9882.0,94.10104
MTZ,2023-03-30 04:00:00+00:00,95.04,95.4,93.685,94.02,365980.0,7593.0,94.176447
MTZ,2023-03-31 04:00:00+00:00,94.69,95.32,93.79,94.44,479994.0,8976.0,94.426567
MTZ,2023-04-03 04:00:00+00:00,94.755,95.1,92.26,93.81,551247.0,11236.0,93.398786
MTZ,2023-04-04 04:00:00+00:00,93.915,93.915,87.83,88.44,824982.0,17182.0,88.665429
MTZ,2023-04-05 04:00:00+00:00,87.72,87.9205,86.27,87.79,486560.0,10941.0,87.339892
MTZ,2023-04-06 04:00:00+00:00,87.71,87.83,86.63,87.29,321422.0,7818.0,87.403168
MTZ,2023-04-10 04:00:00+00:00,86.73,90.02,86.73,90.02,352891.0,7986.0,89.455767
MTZ,2023-04-11 04:00:00+00:00,90.16,90.85,89.46,90.41,373813.0,9108.0,90.291849
MTZ,2023-04-12 04:00:00+00:00,91.41,91.41,89.225,90.47,357370.0,8612.0,90.408932
MTZ,2023-04-13 04:00:00+00:00,91.0,91.0,88.04,89.86,373112.0,7895.0,89.450707
MTZ,2023-04-14 04:00:00+00:00,89.73,90.65,87.87,88.39,574358.0,13105.0,88.780369
MTZ,2023-04-17 04:00:00+00:00,88.78,89.69,88.315,89.47,338863.0,9608.0,89.058698
MTZ,2023-04-18 04:00:00+00:00,89.96,89.96,87.43,88.55,373317.0,8893.0,88.275405
MTZ,2023-04-19 04:00:00+00:00,88.19,88.695,87.65,88.36,284458.0,6677.0,88.304539
MTZ,2023-04-20 04:00:00+00:00,87.77,88.66,87.05,88.6,365153.0,8205.0,88.137179
MTZ,2023-04-21 04:00:00+00:00,88.37,88.37,85.43,86.18,605116.0,11980.0,86.267426
MTZ,2023-04-24 04:00:00+00:00,86.23,88.181,86.2,87.73,472898.0,9475.0,87.543795
MTZ,2023-04-25 04:00:00+00:00,86.37,87.61,86.12,86.48,415058.0,9016.0,86.591353
MTZ,2023-04-26 04:00:00+00:00,85.75,87.22,85.17,85.2,521529.0,11128.0,85.821539
MTZ,2023-04-27 04:00:00+00:00,85.68,87.435,85.375,87.25,513051.0,9943.0,86.785509
MTZ,2023-04-28 04:00:00+00:00,87.16,89.15,86.52,88.81,609725.0,10811.0,88.676416
MTZ,2023-05-01 04:00:00+00:00,88.92,89.545,87.34,87.45,432305.0,8638.0,87.867842
MTZ,2023-05-02 04:00:00+00:00,87.25,87.25,85.02,87.02,644697.0,14127.0,86.311019
MTZ,2023-05-03 04:00:00+00:00,87.28,89.27,86.63,87.7,587343.0,10963.0,87.98818
MTZ,2023-05-04 04:00:00+00:00,86.95,87.65,84.8,85.68,896856.0,15201.0,86.087867
MTZ,2023-05-05 04:00:00+00:00,88.545,92.64,87.8,89.33,1456874.0,23804.0,89.939387
MTZ,2023-05-08 04:00:00+00:00,89.92,90.965,87.55,88.06,630839.0,14243.0,88.459562
MTZ,2023-05-09 04:00:00+00:00,87.53,90.23,87.25,90.02,557252.0,10864.0,89.244272
MTZ,2023-05-10 04:00:00+00:00,91.16,91.435,88.285,90.35,424266.0,10248.0,89.974523
MTZ,2023-05-11 04:00:00+00:00,89.34,90.92,88.45,90.86,584263.0,11969.0,89.819291
MTZ,2023-05-12 04:00:00+00:00,91.64,96.99,91.64,94.99,1201085.0,21391.0,95.027642
MTZ,2023-05-15 04:00:00+00:00,94.5,97.39,94.14,97.05,688611.0,15147.0,96.746971
MTZ,2023-05-16 04:00:00+00:00,96.38,96.91,95.1,95.65,622696.0,10992.0,95.716576
MTZ,2023-05-17 04:00:00+00:00,96.36,97.0,95.16,96.18,438721.0,10343.0,95.941292
MTZ,2023-05-18 04:00:00+00:00,95.48,99.0,95.16,98.79,812673.0,13123.0,97.751031
MTZ,2023-05-19 04:00:00+00:00,99.51,99.94,95.18,96.85,1157583.0,17649.0,97.14766
MTZ,2023-05-22 04:00:00+00:00,97.16,98.51,96.38,97.94,839982.0,12989.0,97.86277
MTZ,2023-05-23 04:00:00+00:00,96.87,98.37,96.0,96.89,629858.0,11814.0,97.005879
MTZ,2023-05-24 04:00:00+00:00,96.96,96.96,92.66,94.41,948425.0,13039.0,94.397192
MTZ,2023-05-25 04:00:00+00:00,94.04,96.56,92.87,96.41,622540.0,11123.0,95.40565
MTZ,2023-05-26 04:00:00+00:00,97.0,98.6029,96.72,98.24,546159.0,11916.0,97.864896
MTZ,2023-05-30 04:00:00+00:00,100.0,104.87,99.47,102.17,1191075.0,20242.0,101.650889
MTZ,2023-05-31 04:00:00+00:00,101.39,102.71,99.47,101.36,758834.0,15624.0,101.142763
MTZ,2023-06-01 04:00:00+00:00,101.63,102.87,101.21,101.87,671421.0,13751.0,101.91015
MTZ,2023-06-02 04:00:00+00:00,103.16,106.08,103.16,105.63,712439.0,14617.0,105.375977
MTZ,2023-06-05 04:00:00+00:00,105.33,106.69,103.12,106.26,548454.0,12804.0,105.774557
MTZ,2023-06-06 04:00:00+00:00,105.71,107.96,105.035,107.42,565816.0,12213.0,107.236222
MTZ,2023-06-07 04:00:00+00:00,107.09,111.06,107.09,109.38,1133323.0,18951.0,109.791314
MTZ,2023-06-08 04:00:00+00:00,109.15,111.06,107.86,110.85,575509.0,12181.0,110.040384
MTZ,2023-06-09 04:00:00+00:00,110.71,112.175,109.88,110.01,669070.0,13391.0,110.746236
MTZ,2023-06-12 04:00:00+00:00,110.32,110.96,109.08,109.96,416101.0,10622.0,109.929398
MTZ,2023-06-13 04:00:00+00:00,110.72,112.12,109.93,110.14,619999.0,12230.0,110.695149
MTZ,2023-06-14 04:00:00+00:00,109.57,110.39,106.58,107.79,1057122.0,17837.0,107.875056
MTZ,2023-06-15 04:00:00+00:00,107.17,109.83,106.5201,109.29,588979.0,9085.0,109.186731
MTZ,2023-06-16 04:00:00+00:00,109.97,110.58,108.94,110.04,828916.0,9699.0,109.989295
MTZ,2023-06-20 04:00:00+00:00,109.05,110.72,108.12,109.79,699178.0,11888.0,109.851498
MTZ,2023-06-21 04:00:00+00:00,109.08,113.965,108.7401,113.2,928899.0,17232.0,112.847561
MTZ,2023-06-22 04:00:00+00:00,112.6,113.48,110.82,113.43,493376.0,9132.0,112.928754
MTZ,2023-06-23 04:00:00+00:00,112.17,113.02,110.36,110.54,650331.0,12575.0,111.11846
MTZ,2023-06-26 04:00:00+00:00,111.13,113.97,110.31,113.09,692805.0,11688.0,112.954023
MTZ,2023-06-27 04:00:00+00:00,113.33,116.72,112.7225,116.53,470055.0,10443.0,116.005467
MTZ,2023-06-28 04:00:00+00:00,116.54,116.7,115.41,115.58,637344.0,12228.0,115.996879
MTZ,2023-06-29 04:00:00+00:00,115.65,117.15,114.93,116.74,778203.0,13248.0,116.258093
MTZ,2023-06-30 04:00:00+00:00,117.45,118.32,116.0999,117.97,636087.0,11116.0,117.610338
MTZ,2023-07-03 04:00:00+00:00,118.32,119.415,115.83,118.2,255217.0,6877.0,117.686958
MTZ,2023-07-05 04:00:00+00:00,117.44,117.44,115.71,116.03,471526.0,11374.0,116.238667
MTZ,2023-07-06 04:00:00+00:00,115.29,115.38,112.53,115.09,527087.0,11368.0,114.183323
MTZ,2023-07-07 04:00:00+00:00,115.82,117.06,115.15,115.75,534005.0,10447.0,115.969266
MTZ,2023-07-10 04:00:00+00:00,115.77,117.89,115.77,116.2,442338.0,11825.0,116.322784
MTZ,2023-07-11 04:00:00+00:00,114.8,115.4,111.66,115.37,872114.0,17068.0,114.034891
MTZ,2023-07-12 04:00:00+00:00,117.08,117.08,114.42,114.66,762196.0,16044.0,115.174214
MTZ,2023-07-13 04:00:00+00:00,115.25,117.85,114.66,116.9,738109.0,12899.0,116.778268
MTZ,2023-07-14 04:00:00+00:00,117.67,117.97,114.53,115.14,691053.0,14503.0,115.545564
MTZ,2023-07-17 04:00:00+00:00,115.19,116.111,114.18,115.44,470560.0,11375.0,115.182454
MTZ,2023-07-18 04:00:00+00:00,115.44,117.0,115.29,115.82,458883.0,9644.0,115.950625
MTZ,2023-07-19 04:00:00+00:00,115.92,116.91,114.55,115.18,525504.0,10869.0,115.219301
MTZ,2023-07-20 04:00:00+00:00,115.61,115.85,114.19,114.51,478166.0,10377.0,114.681092
MTZ,2023-07-21 04:00:00+00:00,115.05,115.68,113.81,114.69,455389.0,10607.0,114.6568
MTZ,2023-07-24 04:00:00+00:00,115.05,116.82,114.85,116.51,471665.0,9844.0,116.264823
MTZ,2023-07-25 04:00:00+00:00,116.0,118.13,116.0,116.88,326869.0,9164.0,117.1364
MTZ,2023-07-26 04:00:00+00:00,116.53,117.52,116.06,116.51,371491.0,10220.0,116.60639
MTZ,2023-07-27 04:00:00+00:00,117.28,121.83,115.64,117.64,1444155.0,24229.0,118.917934
MTZ,2023-07-28 04:00:00+00:00,118.17,119.08,115.22,117.02,511932.0,13846.0,116.648708
MTZ,2023-07-31 04:00:00+00:00,117.45,117.835,116.615,117.75,399874.0,10898.0,117.531046
MTZ,2023-08-01 04:00:00+00:00,117.4,122.58,117.31,121.95,812978.0,17305.0,121.038349
MTZ,2023-08-02 04:00:00+00:00,121.08,122.31,120.22,122.08,817634.0,15684.0,121.609912
MTZ,2023-08-03 04:00:00+00:00,121.39,123.33,119.67,120.96,1526704.0,21857.0,121.523461
MTZ,2023-08-04 04:00:00+00:00,104.9,107.0,97.0301,99.56,3730172.0,54421.0,99.99338
MTZ,2023-08-07 04:00:00+00:00,98.01,98.01,95.56,96.14,1634292.0,29419.0,96.469489
MTZ,2023-08-08 04:00:00+00:00,95.6,96.17,91.46,92.7,1440034.0,24640.0,93.105507
MTZ,2023-08-09 04:00:00+00:00,92.75,94.34,91.69,93.26,989800.0,20034.0,93.154104
MTZ,2023-08-10 04:00:00+00:00,93.3,96.145,93.03,94.07,745373.0,15211.0,94.303405
MTZ,2023-08-11 04:00:00+00:00,93.98,94.625,93.05,94.12,565196.0,13562.0,94.112663
MTZ,2023-08-14 04:00:00+00:00,93.8,94.8,93.12,94.48,554048.0,10749.0,94.025394
MTZ,2023-08-15 04:00:00+00:00,94.19,94.435,92.64,93.79,393942.0,8642.0,93.661084
MTZ,2023-08-16 04:00:00+00:00,93.3,95.18,93.3,93.59,373479.0,8533.0,93.96996
MTZ,2023-08-17 04:00:00+00:00,93.51,93.975,92.5,93.08,434617.0,8977.0,92.990424
MTZ,2023-08-18 04:00:00+00:00,92.24,94.55,92.0864,94.16,513578.0,10134.0,93.999624
MTZ,2023-08-21 04:00:00+00:00,94.52,95.4,93.62,95.32,401512.0,8783.0,94.65293
MTZ,2023-08-22 04:00:00+00:00,95.7,97.73,95.395,97.01,669386.0,11439.0,96.670387
MTZ,2023-08-23 04:00:00+00:00,97.29,97.335,95.68,97.08,407336.0,8932.0,96.857814
MTZ,2023-08-24 04:00:00+00:00,97.0,97.55,95.64,95.66,339969.0,8595.0,96.341504
MTZ,2023-08-25 04:00:00+00:00,95.67,97.18,94.82,96.37,418366.0,8196.0,96.377941
MTZ,2023-08-28 04:00:00+00:00,96.75,99.2025,96.75,98.78,447742.0,9781.0,98.623954
MTZ,2023-08-29 04:00:00+00:00,98.79,101.1411,98.3,100.75,494754.0,9608.0,100.300412
MTZ,2023-08-30 04:00:00+00:00,100.82,101.54,99.39,99.43,605614.0,10074.0,100.028879
MTZ,2023-08-31 04:00:00+00:00,99.8,100.25,98.95,99.49,315512.0,6806.0,99.684264
MTZ,2023-09-01 04:00:00+00:00,99.87,101.09,98.315,99.47,608583.0,12517.0,99.361925
MTZ,2023-09-05 04:00:00+00:00,98.46,98.805,94.7062,95.61,730848.0,15400.0,95.645895
MTZ,2023-09-06 04:00:00+00:00,95.89,97.02,93.12,93.87,536356.0,12606.0,93.939056
MTZ,2023-09-07 04:00:00+00:00,92.99,93.01,91.475,92.48,728229.0,15187.0,92.193103
MTZ,2023-09-08 04:00:00+00:00,92.89,93.1,91.47,91.74,514164.0,10364.0,91.849049
MTZ,2023-09-11 04:00:00+00:00,92.3,92.345,89.24,90.33,716751.0,13724.0,90.177107
MTZ,2023-09-12 04:00:00+00:00,90.05,91.3,88.01,88.18,807080.0,17030.0,88.798465
MTZ,2023-09-13 04:00:00+00:00,87.84,87.84,83.34,83.71,1678866.0,30145.0,84.527794
MTZ,2023-09-14 04:00:00+00:00,84.53,87.29,83.91,87.19,1124338.0,18130.0,86.35686
MTZ,2023-09-15 04:00:00+00:00,86.7,86.71,83.3,84.39,1028074.0,14050.0,84.47345
MTZ,2023-09-18 04:00:00+00:00,84.61,85.33,83.8,83.86,378283.0,9746.0,84.228755
MTZ,2023-09-19 04:00:00+00:00,83.86,84.405,82.3,83.27,564789.0,9504.0,83.300123
MTZ,2023-09-20 04:00:00+00:00,83.57,84.545,81.77,82.04,418295.0,10262.0,82.597174
MTZ,2023-09-21 04:00:00+00:00,81.42,81.445,77.79,78.13,965447.0,14799.0,79.175002
MTZ,2023-09-22 04:00:00+00:00,78.32,79.035,76.5,76.6,1575898.0,22038.0,77.081571
MTZ,2023-09-25 04:00:00+00:00,76.24,77.095,73.35,73.5,2209158.0,31160.0,74.49071
MTZ,2023-09-26 04:00:00+00:00,73.07,73.76,71.86,72.27,1290575.0,22796.0,72.376384
MTZ,2023-09-27 04:00:00+00:00,73.01,74.7,71.99,72.9,831302.0,17708.0,72.972207
MTZ,2023-09-28 04:00:00+00:00,72.22,74.26,72.22,72.82,560496.0,10766.0,73.131955
MTZ,2023-09-29 04:00:00+00:00,73.59,73.7,71.615,71.97,743958.0,11746.0,72.153633
MTZ,2023-10-02 04:00:00+00:00,71.82,71.96,68.91,69.57,1398080.0,20505.0,69.786188
MTZ,2023-10-03 04:00:00+00:00,68.97,69.09,66.04,66.93,1070127.0,17233.0,66.949431
MTZ,2023-10-04 04:00:00+00:00,66.87,68.44,65.875,68.28,1290202.0,19143.0,67.699587
MTZ,2023-10-05 04:00:00+00:00,67.91,68.79,67.22,67.97,1019862.0,14999.0,68.209253
MTZ,2023-10-06 04:00:00+00:00,67.33,69.74,67.27,68.89,542994.0,11120.0,68.631034
MTZ,2023-10-09 04:00:00+00:00,68.33,68.42,66.1,66.57,937582.0,15254.0,66.682445
MTZ,2023-10-10 04:00:00+00:00,66.96,70.09,66.7943,69.81,1235044.0,18962.0,69.508017
MTZ,2023-10-11 04:00:00+00:00,69.89,71.17,66.61,67.02,1404809.0,20818.0,68.065029
MTZ,2023-10-12 04:00:00+00:00,67.74,69.205,66.33,66.5,945359.0,17080.0,67.071065
MTZ,2023-10-13 04:00:00+00:00,66.43,66.49,62.6,63.79,1098627.0,17428.0,64.13609
MTZ,2023-10-16 04:00:00+00:00,64.56,65.72,64.41,65.43,612836.0,12187.0,65.302248
MTZ,2023-10-17 04:00:00+00:00,64.86,69.0,64.755,68.79,1046999.0,17240.0,68.348841
MTZ,2023-10-18 04:00:00+00:00,67.99,68.0,66.1,66.25,625113.0,13824.0,66.583029
MTZ,2023-10-19 04:00:00+00:00,65.93,66.69,63.82,64.0,824374.0,12531.0,64.712869
MTZ,2023-10-20 04:00:00+00:00,63.83,64.05,60.85,61.16,1783198.0,26956.0,61.555612
MTZ,2023-10-23 04:00:00+00:00,61.7,63.85,61.6545,62.57,1077164.0,18577.0,62.662806
MTZ,2023-10-24 04:00:00+00:00,62.6,63.21,60.53,60.84,1079248.0,19209.0,61.064745
MTZ,2023-10-25 04:00:00+00:00,60.8,60.895,59.08,59.42,896080.0,15595.0,59.723435
MTZ,2023-10-26 04:00:00+00:00,59.71,61.33,59.26,61.03,741354.0,15807.0,60.497143
MTZ,2023-10-27 04:00:00+00:00,60.51,61.09,58.89,59.15,736118.0,14618.0,59.51511
MTZ,2023-10-30 04:00:00+00:00,59.89,60.0,58.28,58.49,1141952.0,18653.0,58.581853
MTZ,2023-10-31 04:00:00+00:00,58.54,59.55,57.34,59.44,967618.0,15287.0,59.020578
MTZ,2023-11-01 04:00:00+00:00,49.0,49.7,45.0,48.98,5820809.0,66979.0,47.544443
MTZ,2023-11-02 04:00:00+00:00,49.19,49.92,44.65,49.48,4125289.0,54874.0,47.504364
MTZ,2023-11-03 04:00:00+00:00,51.02,52.0,49.59,51.58,2648176.0,38571.0,51.167699
MTZ,2023-11-06 05:00:00+00:00,51.59,52.24,48.38,48.62,1292744.0,21402.0,49.222581
MTZ,2023-11-07 05:00:00+00:00,47.72,49.9,46.7,49.44,1595183.0,22037.0,48.913799
MTZ,2023-11-08 05:00:00+00:00,48.41,50.59,48.25,50.0,1316636.0,20566.0,49.93567
MTZ,2023-11-09 05:00:00+00:00,50.8,51.17,47.325,47.6,1596342.0,19062.0,47.919593
MTZ,2023-11-10 05:00:00+00:00,47.85,49.42,47.0201,49.26,1321376.0,19139.0,48.345637
MTZ,2023-11-13 05:00:00+00:00,49.27,49.89,48.62,49.1,603320.0,11898.0,49.263378
MTZ,2023-11-14 05:00:00+00:00,51.08,52.96,50.9,51.67,1460234.0,21190.0,51.770653
MTZ,2023-11-15 05:00:00+00:00,52.19,55.3,52.19,53.68,1564119.0,21247.0,54.038864
MTZ,2023-11-16 05:00:00+00:00,53.43,54.25,52.74,53.31,960290.0,15793.0,53.340276
MTZ,2023-11-17 05:00:00+00:00,53.87,54.36,52.89,53.37,653732.0,11557.0,53.315184
MTZ,2023-11-20 05:00:00+00:00,53.5,55.34,52.875,54.94,1041052.0,13519.0,54.703777
MTZ,2023-11-21 05:00:00+00:00,54.86,56.74,54.395,56.63,1500339.0,21292.0,56.051292
MTZ,2023-11-22 05:00:00+00:00,56.87,58.16,55.73,57.34,1661312.0,20263.0,57.488068
MTZ,2023-11-24 05:00:00+00:00,57.02,58.31,57.02,57.18,439712.0,7139.0,57.52847
MTZ,2023-11-27 05:00:00+00:00,57.03,57.6,56.261,56.65,752354.0,13151.0,56.787715
MTZ,2023-11-28 05:00:00+00:00,56.29,56.29,54.06,54.59,1166047.0,17809.0,54.720332
MTZ,2023-11-29 05:00:00+00:00,55.28,60.4,55.28,58.95,1992494.0,28915.0,58.914913
MTZ,2023-11-30 05:00:00+00:00,59.35,61.52,57.38,60.64,1709952.0,24345.0,60.594252
MTZ,2023-12-01 05:00:00+00:00,60.26,63.415,59.24,63.12,1418596.0,20861.0,62.605996
MTZ,2023-12-04 05:00:00+00:00,62.86,65.72,62.86,64.36,1190180.0,20547.0,64.737007
MTZ,2023-12-05 05:00:00+00:00,63.5,65.81,62.56,65.63,1527601.0,21252.0,65.233603
MTZ,2023-12-06 05:00:00+00:00,66.18,67.8899,64.18,64.45,1608525.0,23867.0,65.520997
MTZ,2023-12-07 05:00:00+00:00,64.55,65.75,63.86,64.82,805069.0,13152.0,64.93486
MTZ,2023-12-08 05:00:00+00:00,64.9,67.045,64.69,66.43,856561.0,15103.0,66.220031
MTZ,2023-12-11 05:00:00+00:00,66.0,67.29,65.7,67.27,682568.0,11618.0,66.876946
MTZ,2023-12-12 05:00:00+00:00,67.27,68.51,66.505,67.64,1033955.0,17491.0,67.783197
MTZ,2023-12-13 05:00:00+00:00,67.22,71.625,67.22,71.25,1400684.0,20929.0,70.005189
MTZ,2023-12-14 05:00:00+00:00,73.32,76.56,73.32,75.53,2027700.0,28167.0,75.294566
MTZ,2023-12-15 05:00:00+00:00,75.62,75.65,72.62,72.89,1766457.0,21631.0,73.141074
MTZ,2023-12-18 05:00:00+00:00,72.82,73.4,71.24,71.36,776289.0,15495.0,71.831302
MTZ,2023-12-19 05:00:00+00:00,72.64,74.21,72.11,73.49,785035.0,13029.0,73.40602
MTZ,2023-12-20 05:00:00+00:00,72.83,74.09,70.195,70.53,846152.0,16156.0,71.259488
MTZ,2023-12-21 05:00:00+00:00,71.69,72.91,71.1,72.44,713421.0,13365.0,72.0573
MTZ,2023-12-22 05:00:00+00:00,72.9,73.78,72.19,73.09,517310.0,10505.0,73.104474
MTZ,2023-12-26 05:00:00+00:00,73.44,75.08,73.1,74.6,642050.0,10588.0,74.495797
MTZ,2023-12-27 05:00:00+00:00,74.79,75.56,74.36,74.61,507440.0,9910.0,74.836025
MTZ,2023-12-28 05:00:00+00:00,74.65,75.64,74.61,75.59,516394.0,9880.0,75.284496
MTZ,2023-12-29 05:00:00+00:00,75.04,76.36,74.84,75.72,722628.0,13984.0,75.796017
MTZ,2024-01-02 05:00:00+00:00,74.57,75.69,73.291,74.12,518376.0,12889.0,74.232084
MTZ,2024-01-03 05:00:00+00:00,72.63,73.07,70.48,70.51,964371.0,15612.0,71.354031
MTZ,2024-01-04 05:00:00+00:00,70.91,71.44,69.4,69.9,769355.0,14508.0,70.230821
MTZ,2024-01-05 05:00:00+00:00,69.38,71.55,69.04,70.31,768482.0,13339.0,70.556814
MTZ,2024-01-08 05:00:00+00:00,69.82,72.25,69.6746,71.82,598873.0,12926.0,71.464484
MTZ,2024-01-09 05:00:00+00:00,70.86,71.85,69.78,71.65,907193.0,14897.0,71.193382
MTZ,2024-01-10 05:00:00+00:00,72.11,74.85,71.52,74.75,1167754.0,18589.0,73.685288
MTZ,2024-01-11 05:00:00+00:00,74.27,74.67,72.88,72.91,783924.0,13169.0,73.174044
MTZ,2024-01-12 05:00:00+00:00,73.41,74.365,71.88,71.88,622296.0,10895.0,72.282492
MTZ,2024-01-16 05:00:00+00:00,69.76,70.38,68.83,69.15,1735699.0,23807.0,69.461441
MTZ,2024-01-17 05:00:00+00:00,67.77,67.77,65.19,66.29,1953507.0,26685.0,66.534772
MTZ,2024-01-18 05:00:00+00:00,67.23,68.67,66.3,68.45,1018136.0,18239.0,67.726666
MTZ,2024-01-19 05:00:00+00:00,68.5,68.625,62.93,63.16,2424877.0,29426.0,64.297424
MTZ,2024-01-22 05:00:00+00:00,63.74,64.86,62.38,64.69,2165050.0,31010.0,64.018206
MTZ,2024-01-23 05:00:00+00:00,65.75,66.26,60.96,64.66,1853614.0,29612.0,63.520202
MTZ,2024-01-24 05:00:00+00:00,65.42,65.82,62.87,63.78,802973.0,14766.0,63.601424
MTZ,2024-01-25 05:00:00+00:00,64.74,65.28,63.97,65.24,872078.0,16426.0,64.789494
MTZ,2024-01-26 05:00:00+00:00,65.44,66.13,64.47,64.95,532187.0,10087.0,64.91329
MTZ,2024-01-29 05:00:00+00:00,65.02,67.05,64.3901,67.0,654272.0,10941.0,66.148939
MTZ,2024-01-30 05:00:00+00:00,66.3,68.0,66.01,66.81,709777.0,10772.0,66.751252
MTZ,2024-01-31 05:00:00+00:00,67.05,68.35,65.67,65.67,700264.0,12083.0,66.609758
MTZ,2024-02-01 05:00:00+00:00,66.48,70.3,66.48,70.11,1270611.0,21592.0,69.440294
MTZ,2024-02-02 05:00:00+00:00,69.3,71.81,68.31,70.71,871931.0,15415.0,70.550877
MTZ,2024-02-05 05:00:00+00:00,69.32,69.43,66.66,68.01,556214.0,10154.0,68.187721
MTZ,2024-02-06 05:00:00+00:00,67.97,69.06,67.49,69.02,709066.0,11269.0,68.535996
MTZ,2024-02-07 05:00:00+00:00,69.89,69.99,67.52,68.65,632475.0,11604.0,68.75103
MTZ,2024-02-08 05:00:00+00:00,68.56,70.06,68.54,69.26,597997.0,10679.0,69.293984
MTZ,2024-02-09 05:00:00+00:00,69.57,71.26,68.55,70.89,620771.0,11949.0,70.320263
MTZ,2024-02-12 05:00:00+00:00,70.31,73.95,70.31,73.39,843881.0,15444.0,73.072356
MTZ,2024-02-13 05:00:00+00:00,70.6,72.92,70.19,71.47,1067302.0,19638.0,71.660997
MTZ,2024-02-14 05:00:00+00:00,72.33,73.72,70.81,72.78,1159505.0,19276.0,72.277437
MTZ,2024-02-15 05:00:00+00:00,73.72,74.67,72.47,72.98,668395.0,14758.0,73.079177
MTZ,2024-02-16 05:00:00+00:00,71.92,72.92,70.93,71.08,815113.0,15335.0,71.617123
MTZ,2024-02-20 05:00:00+00:00,69.69,70.13,68.68,69.31,1056281.0,16938.0,69.234774
MTZ,2024-02-21 05:00:00+00:00,69.13,70.44,68.89,70.08,648311.0,11645.0,69.779831
MTZ,2024-02-22 05:00:00+00:00,70.73,73.94,70.67,72.21,859675.0,16288.0,72.342126
MTZ,2024-02-23 05:00:00+00:00,72.31,72.45,70.88,70.91,625858.0,9910.0,71.338772
MTZ,2024-02-26 05:00:00+00:00,70.36,72.79,69.8,72.11,913310.0,15250.0,72.065638
MTZ,2024-02-27 05:00:00+00:00,73.34,74.95,73.14,74.25,1190313.0,14753.0,74.133827
MTZ,2024-02-28 05:00:00+00:00,73.75,75.455,72.96,74.76,905905.0,15788.0,74.483027
MTZ,2024-02-29 05:00:00+00:00,75.33,75.89,73.8523,75.46,1985943.0,29472.0,74.900644
MTZ,2024-03-01 05:00:00+00:00,84.0,87.19,80.47,84.85,3192544.0,41581.0,83.768889
MTZ,2024-03-04 05:00:00+00:00,87.73,88.92,86.0456,87.68,1554351.0,27447.0,87.684816
MTZ,2024-03-05 05:00:00+00:00,87.1,88.645,85.75,86.38,1124466.0,17553.0,86.612699
MTZ,2024-03-06 05:00:00+00:00,87.34,90.62,87.15,88.62,1367166.0,23673.0,89.221263
MTZ,2024-03-07 05:00:00+00:00,89.13,91.63,88.9,91.48,989498.0,18305.0,90.721675
MTZ,2024-03-08 05:00:00+00:00,92.75,93.48,91.71,92.38,837647.0,17273.0,92.440484
MTZ,2024-03-11 04:00:00+00:00,91.18,92.1,88.07,88.54,1175206.0,18935.0,88.768595
MTZ,2024-03-12 04:00:00+00:00,89.01,89.46,87.08,88.15,652484.0,11951.0,88.375719
MTZ,2024-03-13 04:00:00+00:00,88.09,89.08,86.52,86.7,775432.0,14050.0,86.993568
MTZ,2024-03-14 04:00:00+00:00,85.52,86.78,82.51,84.36,665609.0,14705.0,84.215224
MTZ,2024-03-15 04:00:00+00:00,83.79,85.315,83.61,84.41,1230161.0,12303.0,84.321294
MTZ,2024-03-18 04:00:00+00:00,85.02,86.557,84.71,86.36,784966.0,14453.0,85.795382
MTZ,2024-03-19 04:00:00+00:00,85.39,86.97,84.81,85.95,502678.0,9841.0,86.03991
MTZ,2024-03-20 04:00:00+00:00,85.78,87.545,85.595,86.48,629613.0,12329.0,86.787096
MTZ,2024-03-21 04:00:00+00:00,87.4,91.135,87.375,90.76,878135.0,14169.0,90.01993
MTZ,2024-03-22 04:00:00+00:00,91.0,91.4224,89.37,89.87,482557.0,10752.0,89.955533
MTZ,2024-03-25 04:00:00+00:00,90.21,92.15,89.5,92.05,659587.0,11667.0,91.357295
MTZ,2024-03-26 04:00:00+00:00,92.66,94.08,91.03,91.57,698716.0,13646.0,92.142947
MTZ,2024-03-27 04:00:00+00:00,92.36,93.98,92.04,93.73,799728.0,16636.0,93.501237
MTZ,2024-03-28 04:00:00+00:00,93.87,94.82,92.715,93.25,546252.0,11617.0,93.479484
MTZ,2024-04-01 04:00:00+00:00,92.97,94.365,92.0633,93.88,623776.0,11567.0,93.728623
MTZ,2024-04-02 04:00:00+00:00,92.7,93.3,90.99,92.56,720060.0,14409.0,92.62952
MTZ,2024-04-03 04:00:00+00:00,92.4,95.32,91.86,95.01,781026.0,16479.0,94.512058
MTZ,2024-04-04 04:00:00+00:00,95.94,96.73,91.81,91.98,580929.0,11967.0,93.186458
MTZ,2024-04-05 04:00:00+00:00,92.44,93.655,91.92,93.39,533094.0,11964.0,93.130523
MTZ,2024-04-08 04:00:00+00:00,93.98,94.86,92.64,94.16,412416.0,9353.0,93.818781
MTZ,2024-04-09 04:00:00+00:00,94.67,95.0,92.0,93.03,638217.0,12576.0,93.109508
MTZ,2024-04-10 04:00:00+00:00,90.35,91.02,88.8612,90.2,551405.0,11869.0,89.996429
MTZ,2024-04-11 04:00:00+00:00,90.36,92.38,89.17,91.91,808579.0,15924.0,90.741148
MTZ,2024-04-12 04:00:00+00:00,91.43,92.28,87.79,87.96,927305.0,16719.0,88.643538
MTZ,2024-04-15 04:00:00+00:00,89.5,90.11,84.2,84.67,961808.0,17928.0,85.414121
MTZ,2024-04-16 04:00:00+00:00,84.05,84.95,83.02,84.66,911071.0,15891.0,84.144837
MTZ,2024-04-17 04:00:00+00:00,84.83,85.67,82.5,82.82,578626.0,13076.0,83.225583
MTZ,2024-04-18 04:00:00+00:00,83.2,85.2,82.29,83.44,510295.0,13610.0,83.704208
MTZ,2024-04-19 04:00:00+00:00,83.14,84.95,83.0375,84.42,676220.0,15284.0,84.105856
MTZ,2024-04-22 04:00:00+00:00,85.14,85.14,83.04,83.76,646601.0,13142.0,83.786718
MTZ,2024-04-23 04:00:00+00:00,84.64,87.58,84.485,86.53,442665.0,11567.0,86.439955
MTZ,2024-04-24 04:00:00+00:00,86.81,87.04,84.19,85.18,747527.0,15723.0,85.28771
MTZ,2024-04-25 04:00:00+00:00,84.63,86.75,83.17,86.18,509609.0,13160.0,85.265721
MTZ,2024-04-26 04:00:00+00:00,86.59,89.37,86.06,89.04,536297.0,14946.0,88.720128
MTZ,2024-04-29 04:00:00+00:00,89.41,91.6,88.86,89.49,702334.0,16038.0,90.047654
MTZ,2024-04-30 04:00:00+00:00,88.39,89.96,87.9,88.69,878824.0,18625.0,88.748778
MTZ,2024-05-01 04:00:00+00:00,88.43,90.455,86.12,88.42,804782.0,19155.0,88.359037
MTZ,2024-05-02 04:00:00+00:00,88.92,92.72,86.95,91.0,1741156.0,29283.0,90.552868
MTZ,2024-05-03 04:00:00+00:00,101.49,106.09,101.19,101.8,2348086.0,36545.0,102.72275
MTZ,2024-05-06 04:00:00+00:00,103.37,107.39,103.0,105.82,1388587.0,29169.0,105.90646
MTZ,2024-05-07 04:00:00+00:00,106.33,107.95,105.495,105.65,1087651.0,20961.0,106.132533
MTZ,2024-05-08 04:00:00+00:00,105.01,106.29,103.72,105.27,939718.0,16722.0,105.190725
MTZ,2024-05-09 04:00:00+00:00,106.13,106.31,104.62,105.63,1071851.0,24292.0,105.379551
MTZ,2024-05-10 04:00:00+00:00,106.64,108.24,105.77,108.07,828413.0,16737.0,107.347187
MTZ,2024-05-13 04:00:00+00:00,108.68,109.64,106.14,106.98,1014628.0,18411.0,107.908541
MTZ,2024-05-14 04:00:00+00:00,107.98,108.2337,104.7,106.77,660395.0,12965.0,106.296842
MTZ,2024-05-15 04:00:00+00:00,108.43,109.34,106.78,106.99,512007.0,11325.0,107.399535
MTZ,2024-05-16 04:00:00+00:00,106.58,107.28,105.47,106.45,532366.0,10205.0,106.313942
MTZ,2024-05-17 04:00:00+00:00,106.42,107.4,105.79,107.33,500338.0,13966.0,106.866358
MTZ,2024-05-20 04:00:00+00:00,107.65,109.43,107.65,108.88,433942.0,11591.0,108.695672
MTZ,2024-05-21 04:00:00+00:00,108.09,109.2,107.61,108.86,530534.0,9091.0,108.753928
MTZ,2024-05-22 04:00:00+00:00,109.05,112.37,109.0,109.44,964506.0,17098.0,110.478215
MTZ,2024-05-23 04:00:00+00:00,110.51,113.1,109.5975,110.07,721141.0,15873.0,110.781995
MTZ,2024-05-24 04:00:00+00:00,110.87,112.69,110.305,112.21,775368.0,15087.0,111.74989
MTZ,2024-05-28 04:00:00+00:00,113.12,113.12,109.4444,110.27,623576.0,13402.0,110.501901
MTZ,2024-05-29 04:00:00+00:00,107.92,110.56,107.91,109.98,590957.0,11670.0,109.422815
MTZ,2024-05-30 04:00:00+00:00,110.45,111.45,109.25,111.39,570253.0,8791.0,110.415846
MTZ,2024-05-31 04:00:00+00:00,112.01,113.1,107.685,112.25,971218.0,11795.0,110.848717
MTZ,2024-06-03 04:00:00+00:00,111.82,112.73,109.68,111.89,855904.0,12166.0,111.0373
MTZ,2024-06-04 04:00:00+00:00,111.02,111.02,106.6,107.96,834789.0,16134.0,107.93754
MTZ,2024-06-05 04:00:00+00:00,108.46,112.88,107.4,110.43,1007011.0,17731.0,110.987946
MTZ,2024-06-06 04:00:00+00:00,109.91,111.01,107.48,108.38,597910.0,12627.0,108.402344
MTZ,2024-06-07 04:00:00+00:00,107.53,108.19,105.45,107.07,673365.0,14543.0,106.6181
MTZ,2024-06-10 04:00:00+00:00,106.15,109.67,106.15,108.95,663797.0,13607.0,108.659132
MTZ,2024-06-11 04:00:00+00:00,108.07,108.57,106.41,107.12,314205.0,9377.0,107.090948
MTZ,2024-06-12 04:00:00+00:00,109.55,111.59,109.095,109.99,645438.0,13243.0,110.194505
MTZ,2024-06-13 04:00:00+00:00,109.44,109.83,107.26,109.39,397445.0,7865.0,108.755474
MTZ,2024-06-14 04:00:00+00:00,107.77,108.41,105.79,107.71,332394.0,9174.0,107.535003
MTZ,2024-06-17 04:00:00+00:00,107.05,108.73,106.5334,108.42,350900.0,9310.0,107.996749
MTZ,2024-06-18 04:00:00+00:00,108.0,110.76,107.7,110.67,484756.0,10662.0,109.867091
MTZ,2024-06-20 04:00:00+00:00,110.42,111.17,107.91,109.2,610367.0,11168.0,109.067224
MTZ,2024-06-21 04:00:00+00:00,108.67,111.63,105.681,111.63,2343196.0,16785.0,111.179291
MTZ,2024-06-24 04:00:00+00:00,109.3,111.06,108.17,108.2,1119770.0,21184.0,108.780899
MTZ,2024-06-25 04:00:00+00:00,108.67,110.14,108.16,109.82,661310.0,12914.0,109.487232
MTZ,2024-06-26 04:00:00+00:00,109.46,109.577,107.4,108.65,824139.0,18879.0,108.457889
MTZ,2024-06-27 04:00:00+00:00,109.74,110.22,107.92,109.26,563809.0,15257.0,109.123326
MTZ,2024-06-28 04:00:00+00:00,109.3,110.55,105.74,106.99,918709.0,15581.0,107.323055
MTZ,2024-07-01 04:00:00+00:00,107.73,107.84,102.58,103.0,1067250.0,19976.0,103.514018
MTZ,2024-07-02 04:00:00+00:00,102.63,103.49,100.79,101.0,1082796.0,19068.0,101.658022
MTZ,2024-07-03 04:00:00+00:00,101.26,103.55,101.15,102.9,489768.0,10173.0,102.643101
MTZ,2024-07-05 04:00:00+00:00,102.18,102.855,99.52,100.58,1218957.0,17638.0,100.484386
MTZ,2024-07-08 04:00:00+00:00,101.46,102.82,100.7901,102.24,734169.0,13499.0,102.117214
MTZ,2024-07-09 04:00:00+00:00,102.04,102.97,101.25,102.04,581114.0,11428.0,101.913914
MTZ,2024-07-10 04:00:00+00:00,102.4,103.62,101.66,102.96,690008.0,15582.0,102.818616
MTZ,2024-07-11 04:00:00+00:00,104.98,106.395,103.18,103.91,1129139.0,21064.0,104.432096
MTZ,2024-07-12 04:00:00+00:00,105.27,108.36,104.97,107.6,788714.0,14598.0,107.401685
MTZ,2024-07-15 04:00:00+00:00,107.14,107.86,104.13,104.35,644629.0,14757.0,105.123126
MTZ,2024-07-16 04:00:00+00:00,104.68,106.74,103.28,106.33,1116735.0,20406.0,105.730301
MTZ,2024-07-17 04:00:00+00:00,105.25,106.8399,103.15,103.4,642062.0,14125.0,104.005534
MTZ,2024-07-18 04:00:00+00:00,104.7,108.68,102.72,104.27,734550.0,14595.0,104.339986
MTZ,2024-07-19 04:00:00+00:00,104.56,106.35,104.09,105.14,1096709.0,15099.0,105.230322
MTZ,2024-07-22 04:00:00+00:00,107.68,109.72,106.25,109.05,639252.0,12152.0,108.660789
MTZ,2024-07-23 04:00:00+00:00,108.5,110.89,108.205,109.74,539262.0,10173.0,109.968691
MTZ,2024-07-24 04:00:00+00:00,108.73,110.89,105.27,105.66,524461.0,10834.0,106.48047
MTZ,2024-07-25 04:00:00+00:00,107.76,107.76,104.45,104.98,734260.0,13667.0,105.464283
MTZ,2024-07-26 04:00:00+00:00,107.22,109.87,105.4281,109.58,612593.0,12294.0,109.040293
MTZ,2024-07-29 04:00:00+00:00,109.83,110.26,106.2001,107.21,865641.0,16135.0,107.473137
MTZ,2024-07-30 04:00:00+00:00,107.75,108.26,104.1,106.37,1250522.0,19504.0,105.72039
MTZ,2024-07-31 04:00:00+00:00,108.73,112.3,108.5,110.03,1386538.0,21680.0,110.387998
MTZ,2024-08-01 04:00:00+00:00,110.0,111.42,104.43,106.12,1718173.0,29110.0,106.145194
MTZ,2024-08-02 04:00:00+00:00,110.87,110.87,101.6,102.18,2005031.0,29477.0,104.351846
MTZ,2024-08-05 04:00:00+00:00,95.5,103.42,89.96,101.47,1789088.0,31823.0,98.892906
MTZ,2024-08-06 04:00:00+00:00,102.45,107.03,100.77,105.34,873007.0,17753.0,105.210015
MTZ,2024-08-07 04:00:00+00:00,108.51,109.96,103.166,104.26,984248.0,15624.0,105.173195
MTZ,2024-08-08 04:00:00+00:00,106.19,109.64,104.78,108.32,651761.0,11870.0,108.051167
MTZ,2024-08-09 04:00:00+00:00,108.58,109.14,104.725,106.65,794153.0,13147.0,106.33981
MTZ,2024-08-12 04:00:00+00:00,106.82,107.2,105.07,106.7,549791.0,11277.0,106.351683
MTZ,2024-08-13 04:00:00+00:00,107.64,109.12,105.805,109.0,581009.0,12933.0,108.23946
MTZ,2024-08-14 04:00:00+00:00,109.23,109.23,106.65,108.73,525584.0,12454.0,108.161903
MTZ,2024-08-15 04:00:00+00:00,111.1,112.62,110.5,110.78,609541.0,13282.0,111.384654
MTZ,2024-08-16 04:00:00+00:00,110.68,111.5599,109.56,110.8,457204.0,11882.0,110.751429
MTZ,2024-08-19 04:00:00+00:00,111.07,113.28,109.86,113.18,556128.0,9686.0,112.03034
MTZ,2024-08-20 04:00:00+00:00,113.28,113.29,109.88,111.63,546902.0,11500.0,111.368606
MTZ,2024-08-21 04:00:00+00:00,111.88,113.15,111.17,112.53,325578.0,8504.0,112.468336
MTZ,2024-08-22 04:00:00+00:00,112.46,112.8746,109.24,109.43,423358.0,10479.0,110.000267
MTZ,2024-08-23 04:00:00+00:00,110.1,112.91,109.15,111.95,432874.0,11039.0,111.950191
MTZ,2024-08-26 04:00:00+00:00,112.06,113.6933,110.24,110.88,364208.0,9591.0,111.130399
MTZ,2024-08-27 04:00:00+00:00,109.95,111.37,108.25,110.24,381544.0,7898.0,110.367498
MTZ,2024-08-28 04:00:00+00:00,110.16,111.66,108.64,109.87,589403.0,11517.0,109.953878
MTZ,2024-08-29 04:00:00+00:00,110.68,112.5599,108.98,110.82,470181.0,12767.0,111.240654
MTZ,2024-08-30 04:00:00+00:00,111.37,113.21,110.27,113.13,554786.0,13089.0,112.389758
MTZ,2024-09-03 04:00:00+00:00,111.73,112.56,104.27,104.36,801548.0,17728.0,105.518238
MTZ,2024-09-04 04:00:00+00:00,103.71,104.91,102.76,103.93,745787.0,14668.0,103.93163
MTZ,2024-09-05 04:00:00+00:00,103.44,105.03,100.9,100.97,1556102.0,19901.0,101.858413
MTZ,2024-09-06 04:00:00+00:00,101.26,102.98,96.01,97.26,1151390.0,20067.0,97.636849
MTZ,2024-09-09 04:00:00+00:00,98.13,101.59,98.0,101.47,1139082.0,18861.0,100.533269
MTZ,2024-09-10 04:00:00+00:00,101.43,103.2,100.08,102.78,608453.0,11776.0,101.908794
MTZ,2024-09-11 04:00:00+00:00,104.18,107.75,102.01,107.58,602195.0,13814.0,106.636092
MTZ,2024-09-12 04:00:00+00:00,108.0,110.45,106.8,110.4,671382.0,12286.0,109.663502
MTZ,2024-09-13 04:00:00+00:00,111.01,113.0,111.01,112.28,735857.0,14918.0,112.07996
MTZ,2024-09-16 04:00:00+00:00,112.28,113.905,111.123,113.35,637649.0,12062.0,112.959961
MTZ,2024-09-17 04:00:00+00:00,114.48,116.67,113.785,116.58,774843.0,12843.0,115.806218
MTZ,2024-09-18 04:00:00+00:00,116.53,121.26,116.145,116.96,1322811.0,23303.0,117.792447
MTZ,2024-09-19 04:00:00+00:00,120.5,124.9,118.895,124.51,1460317.0,22378.0,122.532537
MTZ,2024-09-20 04:00:00+00:00,125.0,127.97,124.13,126.14,2713993.0,31721.0,126.298172
MTZ,2024-09-23 04:00:00+00:00,125.9,127.87,123.96,125.39,1095409.0,19873.0,125.468213
MTZ,2024-09-24 04:00:00+00:00,125.64,126.51,123.88,124.0,606339.0,12544.0,124.600505
MTZ,2024-09-25 04:00:00+00:00,124.0,124.77,122.9,123.63,529623.0,11395.0,123.767314
MTZ,2024-09-26 04:00:00+00:00,124.97,126.95,122.64,122.73,631693.0,11414.0,123.682068
MTZ,2024-09-27 04:00:00+00:00,123.23,125.19,121.6,122.8,584319.0,10103.0,122.974753
MTZ,2024-09-30 04:00:00+00:00,123.01,124.98,121.77,123.1,762457.0,11889.0,123.236288
MTZ,2024-10-01 04:00:00+00:00,123.1,123.335,119.87,122.18,813659.0,13239.0,121.835524
MTZ,2024-10-02 04:00:00+00:00,121.72,125.64,120.87,125.13,593315.0,13455.0,124.519903
MTZ,2024-10-03 04:00:00+00:00,124.42,127.385,123.67,125.66,631931.0,14031.0,125.283891
MTZ,2024-10-04 04:00:00+00:00,128.0,129.49,125.5375,127.13,663700.0,12675.0,127.14298
MTZ,2024-10-07 04:00:00+00:00,127.27,130.15,126.98,129.55,791606.0,16493.0,129.239178
MTZ,2024-10-08 04:00:00+00:00,130.0,130.22,127.2,128.43,818538.0,15279.0,128.70637
MTZ,2024-10-09 04:00:00+00:00,128.8,128.8,125.9,127.74,599359.0,13580.0,127.570929
MTZ,2024-10-10 04:00:00+00:00,126.98,127.185,125.22,126.78,534763.0,13449.0,126.542655
MTZ,2024-10-11 04:00:00+00:00,126.42,127.69,124.16,127.39,723397.0,13793.0,126.574377
MTZ,2024-10-14 04:00:00+00:00,126.86,127.7775,125.19,125.43,801983.0,14890.0,125.787597
MTZ,2024-10-15 04:00:00+00:00,125.17,126.58,124.2,125.38,852523.0,16574.0,125.460498
MTZ,2024-10-16 04:00:00+00:00,127.02,129.85,126.5,127.93,709530.0,16226.0,128.349152
MTZ,2024-10-17 04:00:00+00:00,128.03,129.12,126.615,127.25,512080.0,12059.0,127.689326
MTZ,2024-10-18 04:00:00+00:00,127.51,127.89,125.99,127.15,497998.0,8064.0,127.110123
MTZ,2024-10-21 04:00:00+00:00,127.0,129.0,126.08,128.2,403015.0,10298.0,128.229292
MTZ,2024-10-22 04:00:00+00:00,127.0,127.42,124.935,125.38,529632.0,10793.0,125.748184
MTZ,2024-10-23 04:00:00+00:00,124.6,125.65,121.0,122.32,760264.0,15386.0,122.631897
MTZ,2024-10-24 04:00:00+00:00,122.77,123.555,121.1,122.53,438593.0,12838.0,122.558477
MTZ,2024-10-25 04:00:00+00:00,122.95,123.98,121.54,121.95,404146.0,11071.0,122.075176
MTZ,2024-10-28 04:00:00+00:00,123.0,124.97,122.23,123.73,707857.0,13723.0,123.956563
MTZ,2024-10-29 04:00:00+00:00,123.0,123.29,121.67,122.1,576212.0,14586.0,122.221491
MTZ,2024-10-30 04:00:00+00:00,121.91,123.87,119.86,120.0,879836.0,16922.0,121.146846
MTZ,2024-10-31 04:00:00+00:00,118.87,123.95,118.86,122.89,1454598.0,27429.0,122.55542
MTZ,2024-11-01 04:00:00+00:00,138.36,138.87,128.5,130.0,2451701.0,41927.0,132.154291
MTZ,2024-11-04 05:00:00+00:00,131.2,135.07,130.915,132.61,1120494.0,24904.0,132.744594
MTZ,2024-11-05 05:00:00+00:00,134.25,139.387,134.23,136.54,834487.0,20244.0,136.698608
MTZ,2024-11-06 05:00:00+00:00,140.0,140.98,133.11,140.63,1556182.0,30061.0,138.757355
MTZ,2024-11-07 05:00:00+00:00,142.04,144.15,141.22,141.53,762276.0,19950.0,142.161856
MTZ,2024-11-08 05:00:00+00:00,141.62,145.74,141.19,144.89,811434.0,18140.0,143.937402
MTZ,2024-11-11 05:00:00+00:00,146.29,147.23,143.81,145.09,911736.0,16725.0,145.090614
MTZ,2024-11-12 05:00:00+00:00,145.18,145.18,137.52,139.73,1332664.0,22084.0,139.541191
MTZ,2024-11-13 05:00:00+00:00,140.0,141.91,138.4089,139.32,934704.0,19733.0,139.72632
MTZ,2024-11-14 05:00:00+00:00,139.31,139.43,135.66,137.4,829409.0,16269.0,137.178443
MTZ,2024-11-15 05:00:00+00:00,136.01,137.57,134.63,135.32,806456.0,18134.0,135.603978
MTZ,2024-11-18 05:00:00+00:00,136.31,140.42,135.7125,138.48,804005.0,16717.0,138.355232
MTZ,2024-11-19 05:00:00+00:00,135.91,142.79,135.91,142.4,1051828.0,19218.0,141.099948
MTZ,2024-11-20 05:00:00+00:00,142.51,143.06,139.32,140.82,553328.0,14617.0,140.652594
MTZ,2024-11-21 05:00:00+00:00,142.01,144.31,141.195,142.06,984466.0,17354.0,142.792763
MTZ,2024-11-22 05:00:00+00:00,141.68,142.955,140.54,142.15,613928.0,13268.0,141.907854
MTZ,2024-11-25 05:00:00+00:00,143.35,143.37,138.51,143.07,1056542.0,20186.0,142.115509
MTZ,2024-11-26 05:00:00+00:00,143.0,150.12,142.5,147.94,1336000.0,22397.0,147.724054
MTZ,2024-11-27 05:00:00+00:00,148.35,149.52,142.76,144.55,653468.0,15224.0,144.523309
MTZ,2024-11-29 05:00:00+00:00,146.3,147.85,143.88,144.06,557516.0,6990.0,144.480954
MTZ,2024-12-02 05:00:00+00:00,144.45,144.82,141.76,142.05,636360.0,17317.0,142.515599
MTZ,2024-12-03 05:00:00+00:00,142.27,144.02,141.795,143.46,812247.0,15511.0,142.906415
MTZ,2024-12-04 05:00:00+00:00,143.34,144.02,139.26,143.07,921716.0,19554.0,141.907888
MTZ,2024-12-05 05:00:00+00:00,143.23,143.23,140.38,141.27,832628.0,16948.0,141.407899
MTZ,2024-12-06 05:00:00+00:00,141.61,142.25,139.32,141.92,637294.0,13117.0,141.502923
MTZ,2024-12-09 05:00:00+00:00,142.02,142.25,133.75,133.8,1101504.0,21517.0,135.062818
MTZ,2024-12-10 05:00:00+00:00,133.19,135.1035,132.235,132.86,944828.0,21157.0,133.204209
MTZ,2024-12-11 05:00:00+00:00,136.07,138.66,134.0,137.8,857876.0,16993.0,137.086391
MTZ,2024-12-12 05:00:00+00:00,137.46,138.78,135.46,137.42,817799.0,16190.0,137.559415
MTZ,2024-12-13 05:00:00+00:00,137.51,139.01,136.31,137.78,474412.0,10413.0,137.605169
MTZ,2024-12-16 05:00:00+00:00,137.78,141.76,137.575,139.79,841306.0,19110.0,140.276448
MTZ,2024-12-17 05:00:00+00:00,138.17,138.845,134.3901,136.54,685502.0,15892.0,136.377754
MTZ,2024-12-18 05:00:00+00:00,137.46,139.65,129.88,130.71,919363.0,18090.0,133.012005
MTZ,2024-12-19 05:00:00+00:00,133.34,135.9,130.47,132.07,737588.0,14206.0,132.046967
MTZ,2024-12-20 05:00:00+00:00,130.54,139.045,130.32,136.56,3216251.0,25734.0,136.526106
MTZ,2024-12-23 05:00:00+00:00,136.0,138.59,135.4275,138.22,683445.0,15382.0,137.629393
MTZ,2024-12-24 05:00:00+00:00,139.04,140.06,137.4,138.42,255865.0,6090.0,138.350735
MTZ,2024-12-26 05:00:00+00:00,137.7,138.83,137.22,138.5,283975.0,8664.0,138.3563
MTZ,2024-12-27 05:00:00+00:00,137.25,138.26,134.29,135.73,273383.0,8267.0,135.707443
MTZ,2024-12-30 05:00:00+00:00,133.71,136.65,132.18,135.8,439804.0,11912.0,135.27642
MTZ,2024-12-31 05:00:00+00:00,136.82,136.98,135.3501,136.14,559373.0,11174.0,136.100973
MTZ,2025-01-02 05:00:00+00:00,136.59,141.5,135.785,139.99,1036068.0,21501.0,138.99431
MTZ,2025-01-03 05:00:00+00:00,140.99,147.9,140.99,146.69,1151610.0,24651.0,145.647924
MTZ,2025-01-06 05:00:00+00:00,148.06,149.88,146.18,148.13,775088.0,18398.0,147.974932
